Worm2D21 parameters
Biases: 
 DB: 2.84807
 VB/P: 10.1551 / 10.1551
 VDA/P: 6.45907 / 6.45907
