Worm2D21 parameters
Biases: 
 DB: -4.16917
 VB/P: -3.83426 / -3.83426
 VDA/P: 8.95925 / 8.95925
