Worm2D21 parameters
Biases: 
 DB: -5.04592
 VB/P: -1.85929 / -1.85929
 VDA/P: -4.93098 / -4.93098
