Worm2D21 parameters
Biases: 
 DB: 3.60508
 VB/P: 7.92524 / 7.92524
 VDA/P: 1.18712 / 1.18712
