Worm2D21 parameters
Biases: 
 DB: 1.29358
 VB/P: -1.68616 / -1.68616
 VDA/P: -4.91009 / -4.91009
