Worm2D21 parameters
Biases: 
 DB: 1.21162
 VB/P: 8.20081 / 8.20081
 VDA/P: 8.42821 / 8.42821
