Worm2D21 parameters
Biases: 
 DB: -3.7394
 VB/P: -0.420044 / -0.420044
 VDA/P: -7.18083 / -7.18083
