Worm2D21 parameters
Biases: 
 DB: -8.35259
 VB/P: -3.53524 / -3.53524
 VDA/P: -3.05278 / -3.05278
