Worm2D21 parameters
Biases: 
 DB: 1.42173
 VB/P: 0.875768 / 0.875768
 VDA/P: -2.55211 / -2.55211
