Worm2D21 parameters
Biases: 
 DB: -0.497712
 VB/P: -3.29851 / -3.29851
 VDA/P: -8.89094 / -8.89094
