Worm2D21 parameters
Biases: 
 DB: -6.21525
 VB/P: -3.47459 / -3.47459
 VDA/P: -3.42709 / -3.42709
