Worm2D21 parameters
Biases: 
 DB: 14.4717
 VB/P: -6.23365 / -6.23365
 VDA/P: 6.06478 / 6.06478
