Worm2D21 parameters
Biases: 
 DB: 4.62383
 VB/P: -0.551441 / -0.551441
 VDA/P: -5.03293 / -5.03293
