Worm2D21 parameters
Biases: 
 DB: -5.16982
 VB/P: -4.68044 / -4.68044
 VDA/P: 9.84888 / 9.84888
