Worm2D21 parameters
Biases: 
 DB: -3.61136
 VB/P: -3.52995 / -3.52995
 VDA/P: -0.756355 / -0.756355
