Worm2D21 parameters
Biases: 
 DB: 5.54429
 VB/P: -1.54286 / -1.54286
 VDA/P: -7.6925 / -7.6925
