Worm2D21 parameters
Biases: 
 DB: -5.95493
 VB/P: 14.1869 / 14.1869
 VDA/P: -4.10802 / -4.10802
