Worm2D21 parameters
Biases: 
 DB: 8.44002
 VB/P: 2.83491 / 2.83491
 VDA/P: -10.7982 / -10.7982
