Worm2D21 parameters
Biases: 
 DB: 5.37522
 VB/P: 5.72355 / 5.72355
 VDA/P: -1.59512 / -1.59512
