Worm2D21 parameters
Biases: 
 DB: 9.33293
 VB/P: 10.2858 / 10.2858
 VDA/P: -2.67387 / -2.67387
