Worm2D21 parameters
Biases: 
 DB: 1.10895
 VB/P: -0.990133 / -0.990133
 VDA/P: 5.68285 / 5.68285
