Worm2D21 parameters
Biases: 
 DB: -4.29446
 VB/P: 0.850725 / 0.850725
 VDA/P: 8.65486 / 8.65486
