Worm2D21 parameters
Biases: 
 DB: -9.68764
 VB/P: -2.68575 / -2.68575
 VDA/P: 2.1005 / 2.1005
