Worm2D21 parameters
Biases: 
 DB: 9.31604
 VB/P: -5.88633 / -5.88633
 VDA/P: 0.685129 / 0.685129
