Worm2D21 parameters
Biases: 
 DB: -14.0583
 VB/P: 1.43365 / 1.43365
 VDA/P: 3.68889 / 3.68889
