Worm2D21 parameters
Biases: 
 DB: 0.802533
 VB/P: 9.81688 / 9.81688
 VDA/P: -5.93247 / -5.93247
