Worm2D21 parameters
Biases: 
 DB: 0.360832
 VB/P: -0.943091 / -0.943091
 VDA/P: 0.115516 / 0.115516
