Worm2D21 parameters
Biases: 
 DB: -7.12591
 VB/P: -1.13369 / -1.13369
 VDA/P: -4.85375 / -4.85375
