Worm2D21 parameters
Biases: 
 DB: -6.62668
 VB/P: -4.72549 / -4.72549
 VDA/P: -0.122216 / -0.122216
