Worm2D21 parameters
Biases: 
 DB: -7.42889
 VB/P: -5.01645 / -5.01645
 VDA/P: -0.603632 / -0.603632
