Worm2D21 parameters
Biases: 
 DB: 0.440113
 VB/P: 0.774833 / 0.774833
 VDA/P: 8.0053 / 8.0053
