Worm2D21 parameters
Biases: 
 DB: -12.8239
 VB/P: -4.83184 / -4.83184
 VDA/P: 3.89415 / 3.89415
