Worm2D21 parameters
Biases: 
 DB: 10.9825
 VB/P: 8.06789 / 8.06789
 VDA/P: -6.1095 / -6.1095
