Worm2D21 parameters
Biases: 
 DB: 6.46167
 VB/P: 7.84469 / 7.84469
 VDA/P: 7.51407 / 7.51407
