Worm2D21 parameters
Biases: 
 DB: -5.30719
 VB/P: -0.328739 / -0.328739
 VDA/P: -4.50254 / -4.50254
