Worm2D21 parameters
Biases: 
 DB: -4.38276
 VB/P: -3.49118 / -3.49118
 VDA/P: -8.84352 / -8.84352
