Worm2D21 parameters
Biases: 
 DB: 9.3333
 VB/P: 7.85844 / 7.85844
 VDA/P: -2.45498 / -2.45498
