Worm2D21 parameters
Biases: 
 DB: 3.6641
 VB/P: 6.70183 / 6.70183
 VDA/P: -7.59996 / -7.59996
