Worm2D21 parameters
Biases: 
 DB: 6.79385
 VB/P: 8.77427 / 8.77427
 VDA/P: 5.17115 / 5.17115
