Worm2D21 parameters
Biases: 
 DB: -8.98917
 VB/P: 7.01122 / 7.01122
 VDA/P: 2.89412 / 2.89412
