Worm2D21 parameters
Biases: 
 DB: 2.6331
 VB/P: -1.05036 / -1.05036
 VDA/P: 0.335631 / 0.335631
