Worm2D21 parameters
Biases: 
 DB: 1.88403
 VB/P: -0.576747 / -0.576747
 VDA/P: -3.03121 / -3.03121
