Worm2D21 parameters
Biases: 
 DB: 2.21171
 VB/P: 1.51749 / 1.51749
 VDA/P: -4.66536 / -4.66536
