Worm2D21 parameters
Biases: 
 DB: -6.19071
 VB/P: -5.73886 / -5.73886
 VDA/P: 2.88048 / 2.88048
