Worm2D21 parameters
Biases: 
 DB: 4.3453
 VB/P: -2.47706 / -2.47706
 VDA/P: -6.52318 / -6.52318
