Worm2D21 parameters
Biases: 
 DB: 8.10962
 VB/P: -0.721175 / -0.721175
 VDA/P: 12.6322 / 12.6322
