Worm2D21 parameters
Biases: 
 DB: 3.02664
 VB/P: 5.33673 / 5.33673
 VDA/P: -0.494208 / -0.494208
