Worm2D21 parameters
Biases: 
 DB: -1.39974
 VB/P: -2.69751 / -2.69751
 VDA/P: 1.86615 / 1.86615
