Worm2D21 parameters
Biases: 
 DB: 6.9726
 VB/P: 6.47374 / 6.47374
 VDA/P: 1.62157 / 1.62157
