Worm2D21 parameters
Biases: 
 DB: -0.673846
 VB/P: -2.8603 / -2.8603
 VDA/P: 6.65455 / 6.65455
