Worm2D21 parameters
Biases: 
 DB: -2.15334
 VB/P: 6.48694 / 6.48694
 VDA/P: -7.42716 / -7.42716
