Worm2D21 parameters
Biases: 
 DB: 6.63445
 VB/P: 5.90177 / 5.90177
 VDA/P: -5.41751 / -5.41751
