Worm2D21 parameters
Biases: 
 DB: -1.07687
 VB/P: -6.60597 / -6.60597
 VDA/P: -0.215338 / -0.215338
