Worm2D21 parameters
Biases: 
 DB: 8.54248
 VB/P: 2.19963 / 2.19963
 VDA/P: -1.83581 / -1.83581
