Worm2D21 parameters
Biases: 
 DB: 2.99749
 VB/P: -1.45175 / -1.45175
 VDA/P: -0.234215 / -0.234215
