Worm2D21 parameters
Biases: 
 DB: -4.36509
 VB/P: -1.62258 / -1.62258
 VDA/P: -2.65033 / -2.65033
