Worm2D21 parameters
Biases: 
 DB: 0.508024
 VB/P: -4.97643 / -4.97643
 VDA/P: -1.84801 / -1.84801
