Worm2D21 parameters
Biases: 
 DB: -5.21003
 VB/P: 1.93383 / 1.93383
 VDA/P: -3.06924 / -3.06924
