Worm2D21 parameters
Biases: 
 DB: 4.26147
 VB/P: -0.0332298 / -0.0332298
 VDA/P: 9.63187 / 9.63187
