Worm2D21 parameters
Biases: 
 DB: -3.76313
 VB/P: 11.1478 / 11.1478
 VDA/P: -5.23346 / -5.23346
