Worm2D21 parameters
Biases: 
 DB: 0.00401582
 VB/P: 0.388839 / 0.388839
 VDA/P: 3.33102 / 3.33102
