Worm2D21 parameters
Biases: 
 DB: -9.06874
 VB/P: 6.54813 / 6.54813
 VDA/P: -1.82588 / -1.82588
