Worm2D21 parameters
Biases: 
 DB: -4.21353
 VB/P: 6.37961 / 6.37961
 VDA/P: 2.88181 / 2.88181
