Worm2D21 parameters
Biases: 
 DB: 8.26284
 VB/P: 8.70233 / 8.70233
 VDA/P: 10.6062 / 10.6062
