Worm2D21 parameters
Biases: 
 DB: 12.9396
 VB/P: 3.7211 / 3.7211
 VDA/P: 2.06312 / 2.06312
