Worm2D21 parameters
Biases: 
 DB: 6.70761
 VB/P: 4.63145 / 4.63145
 VDA/P: 4.51787 / 4.51787
