Worm2D21 parameters
Biases: 
 DB: -5.09237
 VB/P: -3.41008 / -3.41008
 VDA/P: -6.99924 / -6.99924
