Worm2D21 parameters
Biases: 
 DB: 2.52089
 VB/P: 4.34727 / 4.34727
 VDA/P: -0.553185 / -0.553185
