Worm2D21 parameters
Biases: 
 DB: 8.87132
 VB/P: -3.84525 / -3.84525
 VDA/P: 0.961577 / 0.961577
