Worm2D21 parameters
Biases: 
 DB: -7.64254
 VB/P: -13.1266 / -13.1266
 VDA/P: 5.79765 / 5.79765
