Worm2D21 parameters
Biases: 
 DB: 1.46699
 VB/P: 3.91769 / 3.91769
 VDA/P: 3.66453 / 3.66453
