Worm2D21 parameters
Biases: 
 DB: -7.50501
 VB/P: -1.82314 / -1.82314
 VDA/P: -0.738084 / -0.738084
