Worm2D21 parameters
Biases: 
 DB: -6.3459
 VB/P: -5.18077 / -5.18077
 VDA/P: 4.72314 / 4.72314
