Worm2D21 parameters
Biases: 
 DB: -8.57794
 VB/P: -5.3213 / -5.3213
 VDA/P: -0.491218 / -0.491218
