Worm2D21 parameters
Biases: 
 DB: -6.68027
 VB/P: -1.63339 / -1.63339
 VDA/P: 2.64949 / 2.64949
