Worm2D21 parameters
Biases: 
 DB: -1.82693
 VB/P: 0.620139 / 0.620139
 VDA/P: 0.25202 / 0.25202
