Worm2D21 parameters
Biases: 
 DB: 6.17711
 VB/P: -4.18259 / -4.18259
 VDA/P: -2.18366 / -2.18366
