Worm2D21 parameters
Biases: 
 DB: 8.09319
 VB/P: 4.99366 / 4.99366
 VDA/P: 6.2804 / 6.2804
