Biases: 
 DB: 7.27436
 VB/P: -6.18789 / -6.18789
 VDA/P: 9.37801 / 9.37801
