Worm2D21 parameters
Biases: 
 DB: 5.89133
 VB/P: 4.25908 / 4.25908
 VDA/P: -1.9917 / -1.9917
