Worm2D21 parameters
Biases: 
 DB: 1.61294
 VB/P: -9.91203 / -9.91203
 VDA/P: 0.71518 / 0.71518
