Worm2D21 parameters
Biases: 
 DB: -7.03347
 VB/P: -2.80245 / -2.80245
 VDA/P: 3.82703 / 3.82703
