Worm2D21 parameters
Biases: 
 DB: -7.88664
 VB/P: 3.82021 / 3.82021
 VDA/P: -15 / -15
