Worm2D21 parameters
Biases: 
 DB: -3.40775
 VB/P: -2.74301 / -2.74301
 VDA/P: -4.25974 / -4.25974
