Worm2D21 parameters
Biases: 
 DB: 10.1687
 VB/P: 8.37696 / 8.37696
 VDA/P: 6.13364 / 6.13364
