Worm2D21 parameters
Biases: 
 DB: 6.77359
 VB/P: 2.93804 / 2.93804
 VDA/P: -10.0185 / -10.0185
