Worm2D21 parameters
Biases: 
 DB: 2.65601
 VB/P: 2.22709 / 2.22709
 VDA/P: 1.76421 / 1.76421
