Worm2D21 parameters
Biases: 
 DB: 1.94808
 VB/P: 3.34935 / 3.34935
 VDA/P: -9.3535 / -9.3535
