Worm2D21 parameters
Biases: 
 DB: -0.705113
 VB/P: -4.73885 / -4.73885
 VDA/P: 12.4618 / 12.4618
