Worm2D21 parameters
Biases: 
 DB: 0.305321
 VB/P: 4.57922 / 4.57922
 VDA/P: 7.89094 / 7.89094
