Worm2D21 parameters
Biases: 
 DB: 2.65218
 VB/P: -1.92357 / -1.92357
 VDA/P: 4.51271 / 4.51271
