Worm2D21 parameters
Biases: 
 DB: -7.43313
 VB/P: -4.41631 / -4.41631
 VDA/P: 5.78908 / 5.78908
