Worm2D21 parameters
Biases: 
 DB: 7.71754
 VB/P: 8.05524 / 8.05524
 VDA/P: 4.59809 / 4.59809
