Worm2D21 parameters
Biases: 
 DB: 5.34853
 VB/P: 7.93688 / 7.93688
 VDA/P: -13.8663 / -13.8663
