Worm2D21 parameters
Biases: 
 DB: -5.16305
 VB/P: -3.4743 / -3.4743
 VDA/P: 8.19598 / 8.19598
