Worm2D21 parameters
Biases: 
 DB: -9.76159
 VB/P: -12.3294 / -12.3294
 VDA/P: -6.16083 / -6.16083
