Worm2D21 parameters
Biases: 
 DB: -8.39805
 VB/P: -5.48206 / -5.48206
 VDA/P: -11.9782 / -11.9782
