Worm2D21 parameters
Biases: 
 DB: 5.46425
 VB/P: -1.77171 / -1.77171
 VDA/P: 3.97481 / 3.97481
