Worm2D21 parameters
Biases: 
 DB: -3.9468
 VB/P: 0.363859 / 0.363859
 VDA/P: -7.55283 / -7.55283
