Worm2D21 parameters
Biases: 
 DB: -1.26037
 VB/P: 5.27756 / 5.27756
 VDA/P: -5.9669 / -5.9669
