Worm2D21 parameters
Biases: 
 DB: 6.42908
 VB/P: -3.47277 / -3.47277
 VDA/P: -6.76996 / -6.76996
