Worm2D21 parameters
Biases: 
 DB: 3.04267
 VB/P: 2.34135 / 2.34135
 VDA/P: -3.14814 / -3.14814
