Worm2D21 parameters
Biases: 
 DB: 4.34828
 VB/P: -2.49926 / -2.49926
 VDA/P: 7.11378 / 7.11378
