Worm2D21 parameters
Biases: 
 DB: -4.53794
 VB/P: 8.77048 / 8.77048
 VDA/P: 10.4496 / 10.4496
