Worm2D21 parameters
Biases: 
 DB: -4.5219
 VB/P: 9.47412 / 9.47412
 VDA/P: -12.0144 / -12.0144
