Worm2D21 parameters
Biases: 
 DB: 0.946511
 VB/P: 0.0395436 / 0.0395436
 VDA/P: -2.13393 / -2.13393
