Worm2D21 parameters
Biases: 
 DB: 4.18801
 VB/P: 4.85913 / 4.85913
 VDA/P: -5.18947 / -5.18947
