Worm2D21 parameters
Biases: 
 DB: -1.28975
 VB/P: 5.02095 / 5.02095
 VDA/P: -6.93912 / -6.93912
