Worm2D21 parameters
Biases: 
 DB: -8.07897
 VB/P: -5.69537 / -5.69537
 VDA/P: -5.21099 / -5.21099
