Worm2D21 parameters
Biases: 
 DB: 1.45508
 VB/P: -4.70447 / -4.70447
 VDA/P: 0.802724 / 0.802724
