Worm2D21 parameters
Biases: 
 DB: -3.78082
 VB/P: -6.51396 / -6.51396
 VDA/P: 13.6351 / 13.6351
