Worm2D21 parameters
Biases: 
 DB: 1.61781
 VB/P: 0.983279 / 0.983279
 VDA/P: -8.77517 / -8.77517
