Worm2D21 parameters
Biases: 
 DB: -8.1351
 VB/P: -6.77574 / -6.77574
 VDA/P: 6.13025 / 6.13025
