Worm2D21 parameters
Biases: 
 DB: 8.38851
 VB/P: 6.11992 / 6.11992
 VDA/P: -0.861167 / -0.861167
