Worm2D21 parameters
Biases: 
 DB: -9.80913
 VB/P: 6.30461 / 6.30461
 VDA/P: 4.60821 / 4.60821
