Worm2D21 parameters
Biases: 
 DB: 3.01612
 VB/P: 7.15326 / 7.15326
 VDA/P: -6.04953 / -6.04953
