Worm2D21 parameters
Biases: 
 DB: 6.35307
 VB/P: 9.4581 / 9.4581
 VDA/P: -2.91055 / -2.91055
