Worm2D21 parameters
Biases: 
 DB: 6.71084
 VB/P: 6.39868 / 6.39868
 VDA/P: 13.0112 / 13.0112
