Worm2D21 parameters
Biases: 
 DB: 1.80767
 VB/P: 8.8384 / 8.8384
 VDA/P: -1.70458 / -1.70458
