Worm2D21 parameters
Biases: 
 DB: -8.05049
 VB/P: -1.20856 / -1.20856
 VDA/P: 1.28999 / 1.28999
