Worm2D21 parameters
Biases: 
 DB: -10.9918
 VB/P: -4.29768 / -4.29768
 VDA/P: -0.300542 / -0.300542
