Worm2D21 parameters
Biases: 
 DB: 5.76605
 VB/P: 7.52669 / 7.52669
 VDA/P: -1.78873 / -1.78873
