Worm2D21 parameters
Biases: 
 DB: 5.69174
 VB/P: 6.26101 / 6.26101
 VDA/P: 5.8867 / 5.8867
