Worm2D21 parameters
Biases: 
 DB: -12.5941
 VB/P: -4.08896 / -4.08896
 VDA/P: 1.41348 / 1.41348
