Worm2D21 parameters
Biases: 
 DB: 4.49019
 VB/P: 7.22558 / 7.22558
 VDA/P: -1.29933 / -1.29933
