Worm2D21 parameters
Biases: 
 DB: 4.25131
 VB/P: 6.77635 / 6.77635
 VDA/P: -6.69844 / -6.69844
