Worm2D21 parameters
Biases: 
 DB: 0.176759
 VB/P: 0.920199 / 0.920199
 VDA/P: 4.45572 / 4.45572
