Worm2D21 parameters
Biases: 
 DB: -1.10351
 VB/P: -0.289572 / -0.289572
 VDA/P: -5.61542 / -5.61542
