Worm2D21 parameters
Biases: 
 DB: -3.42756
 VB/P: -0.54814 / -0.54814
 VDA/P: -2.79917 / -2.79917
