Worm2D21 parameters
Biases: 
 DB: 0.102498
 VB/P: 7.64784 / 7.64784
 VDA/P: -7.29238 / -7.29238
