Worm2D21 parameters
Biases: 
 DB: -6.76689
 VB/P: -4.23947 / -4.23947
 VDA/P: -7.97921 / -7.97921
