Worm2D21 parameters
Biases: 
 DB: -7.00128
 VB/P: -3.21909 / -3.21909
 VDA/P: 5.2274 / 5.2274
