Worm2D21 parameters
Biases: 
 DB: -4.20688
 VB/P: 4.34774 / 4.34774
 VDA/P: -5.78137 / -5.78137
