Worm2D21 parameters
Biases: 
 DB: 1.55478
 VB/P: -4.93276 / -4.93276
 VDA/P: 3.187 / 3.187
