Worm2D21 parameters
Biases: 
 DB: 10.221
 VB/P: 8.09518 / 8.09518
 VDA/P: -10.5949 / -10.5949
