Worm2D21 parameters
Biases: 
 DB: -6.02245
 VB/P: -5.93095 / -5.93095
 VDA/P: 7.01373 / 7.01373
