Worm2D21 parameters
Biases: 
 DB: -0.476489
 VB/P: -1.84907 / -1.84907
 VDA/P: 1.13971 / 1.13971
