Worm2D21 parameters
Biases: 
 DB: -10.6306
 VB/P: -6.72668 / -6.72668
 VDA/P: 3.91836 / 3.91836
