Worm2D21 parameters
Biases: 
 DB: 2.93227
 VB/P: -1.61115 / -1.61115
 VDA/P: 4.62115 / 4.62115
