Worm2D21 parameters
Biases: 
 DB: -5.25291
 VB/P: -3.28383 / -3.28383
 VDA/P: 3.35201 / 3.35201
