Worm2D21 parameters
Biases: 
 DB: 7.61543
 VB/P: 9.00089 / 9.00089
 VDA/P: -7.78404 / -7.78404
