Worm2D21 parameters
Biases: 
 DB: 2.78088
 VB/P: 8.39217 / 8.39217
 VDA/P: 4.16279 / 4.16279
