Worm2D21 parameters
Biases: 
 DB: 6.14374
 VB/P: 7.88628 / 7.88628
 VDA/P: 12.3636 / 12.3636
