Worm2D21 parameters
Biases: 
 DB: -1.45987
 VB/P: 2.85885 / 2.85885
 VDA/P: -1.93349 / -1.93349
