Worm2D21 parameters
Biases: 
 DB: -4.05184
 VB/P: 7.23691 / 7.23691
 VDA/P: -7.89177 / -7.89177
