Worm2D21 parameters
Biases: 
 DB: -7.54196
 VB/P: -3.64722 / -3.64722
 VDA/P: 1.71542 / 1.71542
