Worm2D21 parameters
Biases: 
 DB: 3.77904
 VB/P: 6.05321 / 6.05321
 VDA/P: 1.14572 / 1.14572
