Worm2D21 parameters
Biases: 
 DB: 3.34976
 VB/P: 9.57803 / 9.57803
 VDA/P: 0.343109 / 0.343109
