Worm2D21 parameters
Biases: 
 DB: 9.52141
 VB/P: 5.49582 / 5.49582
 VDA/P: 4.38558 / 4.38558
