Worm2D21 parameters
Biases: 
 DB: 0.604483
 VB/P: 5.57264 / 5.57264
 VDA/P: 6.26849 / 6.26849
