Worm2D21 parameters
Biases: 
 DB: 1.67917
 VB/P: -5.17155 / -5.17155
 VDA/P: 0.523176 / 0.523176
