Worm2D21 parameters
Biases: 
 DB: -5.9242
 VB/P: 2.10322 / 2.10322
 VDA/P: 7.03768 / 7.03768
