Worm2D21 parameters
Biases: 
 DB: 6.2054
 VB/P: 8.05141 / 8.05141
 VDA/P: 1.57249 / 1.57249
