Worm2D21 parameters
Biases: 
 DB: -8.35899
 VB/P: -4.84926 / -4.84926
 VDA/P: 0.373968 / 0.373968
