Worm2D21 parameters
Biases: 
 DB: 4.35995
 VB/P: 4.19854 / 4.19854
 VDA/P: -1.90451 / -1.90451
