Worm2D21 parameters
Biases: 
 DB: 6.69984
 VB/P: 2.41974 / 2.41974
 VDA/P: -6.01254 / -6.01254
