Worm2D21 parameters
Biases: 
 DB: 0.806081
 VB/P: -2.81356 / -2.81356
 VDA/P: 2.65552 / 2.65552
