Worm2D21 parameters
Biases: 
 DB: -6.24879
 VB/P: 1.45161 / 1.45161
 VDA/P: 0.230121 / 0.230121
