Worm2D21 parameters
Biases: 
 DB: -3.34231
 VB/P: -1.61738 / -1.61738
 VDA/P: -10.9701 / -10.9701
