Worm2D21 parameters
Biases: 
 DB: -3.04119
 VB/P: 0.14539 / 0.14539
 VDA/P: -3.05908 / -3.05908
