Worm2D21 parameters
Biases: 
 DB: -4.79938
 VB/P: 0.233923 / 0.233923
 VDA/P: 11.4349 / 11.4349
