Worm2D21 parameters
Biases: 
 DB: -5.84669
 VB/P: -3.05176 / -3.05176
 VDA/P: -2.30425 / -2.30425
