Worm2D21 parameters
Biases: 
 DB: -1.01901
 VB/P: 6.81261 / 6.81261
 VDA/P: 13.797 / 13.797
