Worm2D21 parameters
Biases: 
 DB: -1.69659
 VB/P: -0.546785 / -0.546785
 VDA/P: -0.353859 / -0.353859
