Worm2D21 parameters
Biases: 
 DB: 0.971707
 VB/P: 1.94726 / 1.94726
 VDA/P: 4.43745 / 4.43745
