Worm2D21 parameters
Biases: 
 DB: 1.92883
 VB/P: 7.77944 / 7.77944
 VDA/P: 3.0009 / 3.0009
