Worm2D21 parameters
Biases: 
 DB: 5.27813
 VB/P: 3.47277 / 3.47277
 VDA/P: -1.81503 / -1.81503
