Worm2D21 parameters
Biases: 
 DB: 3.79165
 VB/P: 4.81529 / 4.81529
 VDA/P: 3.76949 / 3.76949
