Worm2D21 parameters
Biases: 
 DB: -5.01591
 VB/P: 0.172424 / 0.172424
 VDA/P: -0.076058 / -0.076058
