Worm2D21 parameters
Biases: 
 DB: -0.802105
 VB/P: -3.91908 / -3.91908
 VDA/P: 7.15464 / 7.15464
