Worm2D21 parameters
Biases: 
 DB: 8.19389
 VB/P: 11.7212 / 11.7212
 VDA/P: -7.33559 / -7.33559
