Worm2D21 parameters
Biases: 
 DB: 9.12602
 VB/P: 9.03727 / 9.03727
 VDA/P: -5.64268 / -5.64268
