Worm2D21 parameters
Biases: 
 DB: -10.9952
 VB/P: -4.91479 / -4.91479
 VDA/P: -0.374427 / -0.374427
