Worm2D21 parameters
Biases: 
 DB: -4.43558
 VB/P: 0.506732 / 0.506732
 VDA/P: -13.915 / -13.915
