Worm2D21 parameters
Biases: 
 DB: -3.80469
 VB/P: 2.20661 / 2.20661
 VDA/P: 3.34251 / 3.34251
