Worm2D21 parameters
Biases: 
 DB: 2.06608
 VB/P: 1.23933 / 1.23933
 VDA/P: -3.24526 / -3.24526
