Worm2D21 parameters
Biases: 
 DB: -0.639182
 VB/P: 3.51723 / 3.51723
 VDA/P: -5.04813 / -5.04813
