Worm2D21 parameters
Biases: 
 DB: 6.59014
 VB/P: 10.8515 / 10.8515
 VDA/P: 4.97428 / 4.97428
