Worm2D21 parameters
Biases: 
 DB: -9.87926
 VB/P: 13.529 / 13.529
 VDA/P: 4.87106 / 4.87106
