Worm2D21 parameters
Biases: 
 DB: -3.52741
 VB/P: -3.04457 / -3.04457
 VDA/P: 2.53883 / 2.53883
