Worm2D21 parameters
Biases: 
 DB: 8.42758
 VB/P: 10.5777 / 10.5777
 VDA/P: -7.64016 / -7.64016
