Worm2D21 parameters
Biases: 
 DB: 4.39359
 VB/P: 2.87717 / 2.87717
 VDA/P: 0.835403 / 0.835403
