Worm2D21 parameters
Biases: 
 DB: 1.02589
 VB/P: 4.10552 / 4.10552
 VDA/P: -10.9908 / -10.9908
