Worm2D21 parameters
Biases: 
 DB: -7.82728
 VB/P: -2.49051 / -2.49051
 VDA/P: -2.93307 / -2.93307
