Worm2D21 parameters
Biases: 
 DB: -7.59127
 VB/P: 7.95265 / 7.95265
 VDA/P: -2.69306 / -2.69306
