Worm2D21 parameters
Biases: 
 DB: -4.29141
 VB/P: -0.830139 / -0.830139
 VDA/P: -7.23156 / -7.23156
