Worm2D21 parameters
Biases: 
 DB: 4.33839
 VB/P: -7.12249 / -7.12249
 VDA/P: 1.25172 / 1.25172
