Worm2D21 parameters
Biases: 
 DB: 2.91948
 VB/P: 0.469711 / 0.469711
 VDA/P: -1.33985 / -1.33985
