Worm2D21 parameters
Biases: 
 DB: 5.86591
 VB/P: 0.182994 / 0.182994
 VDA/P: -0.702593 / -0.702593
