Worm2D21 parameters
Biases: 
 DB: -2.88916
 VB/P: -1.93895 / -1.93895
 VDA/P: 3.62766 / 3.62766
