Worm2D21 parameters
Biases: 
 DB: 3.63665
 VB/P: 7.53604 / 7.53604
 VDA/P: 11.2768 / 11.2768
