Worm2D21 parameters
Biases: 
 DB: -10.4433
 VB/P: -8.43558 / -8.43558
 VDA/P: 12.631 / 12.631
