Worm2D21 parameters
Biases: 
 DB: 5.73195
 VB/P: -0.735256 / -0.735256
 VDA/P: -3.93233 / -3.93233
