Worm2D21 parameters
Biases: 
 DB: 2.59767
 VB/P: -2.0705 / -2.0705
 VDA/P: -6.49981 / -6.49981
