Worm2D21 parameters
Biases: 
 DB: 0.860814
 VB/P: 1.86401 / 1.86401
 VDA/P: -1.18412 / -1.18412
