Worm2D21 parameters
Biases: 
 DB: 1.06076
 VB/P: 3.66137 / 3.66137
 VDA/P: 1.8029 / 1.8029
