Worm2D21 parameters
Biases: 
 DB: -3.12346
 VB/P: 2.04834 / 2.04834
 VDA/P: -6.50729 / -6.50729
