Worm2D21 parameters
Biases: 
 DB: -5.9415
 VB/P: -2.9948 / -2.9948
 VDA/P: 1.76232 / 1.76232
