Worm2D21 parameters
Biases: 
 DB: -4.54497
 VB/P: -4.44358 / -4.44358
 VDA/P: -6.84671 / -6.84671
