Worm2D21 parameters
Biases: 
 DB: -2.98156
 VB/P: 0.801475 / 0.801475
 VDA/P: -1.04067 / -1.04067
