Worm2D21 parameters
Biases: 
 DB: -7.99576
 VB/P: -2.54824 / -2.54824
 VDA/P: -14.5879 / -14.5879
