Worm2D21 parameters
Biases: 
 DB: -1.53103
 VB/P: 2.31187 / 2.31187
 VDA/P: -3.51593 / -3.51593
