Worm2D21 parameters
Biases: 
 DB: -6.65963
 VB/P: -4.15564 / -4.15564
 VDA/P: 0.451835 / 0.451835
