Worm2D21 parameters
Biases: 
 DB: 1.45993
 VB/P: -2.38647 / -2.38647
 VDA/P: 10.6304 / 10.6304
