Worm2D21 parameters
Biases: 
 DB: 2.17715
 VB/P: 8.87697 / 8.87697
 VDA/P: 15 / 15
