Worm2D21 parameters
Biases: 
 DB: -10.6954
 VB/P: -7.50783 / -7.50783
 VDA/P: -1.45193 / -1.45193
