Worm2D21 parameters
Biases: 
 DB: -1.90459
 VB/P: 7.31643 / 7.31643
 VDA/P: 6.45334 / 6.45334
