Worm2D21 parameters
Biases: 
 DB: -6.02113
 VB/P: 2.38197 / 2.38197
 VDA/P: -6.8892 / -6.8892
