Worm2D21 parameters
Biases: 
 DB: -6.01153
 VB/P: 6.28284 / 6.28284
 VDA/P: -0.892408 / -0.892408
