Worm2D21 parameters
Biases: 
 DB: 0.305984
 VB/P: -2.57873 / -2.57873
 VDA/P: -14.4056 / -14.4056
