Worm2D21 parameters
Biases: 
 DB: -2.57668
 VB/P: 5.80174 / 5.80174
 VDA/P: -2.05399 / -2.05399
