Worm2D21 parameters
Biases: 
 DB: -8.00812
 VB/P: 5.8667 / 5.8667
 VDA/P: -2.55818 / -2.55818
