Worm2D21 parameters
Biases: 
 DB: -4.1191
 VB/P: -0.205256 / -0.205256
 VDA/P: -0.198018 / -0.198018
