Worm2D21 parameters
Biases: 
 DB: 4.39128
 VB/P: 6.19036 / 6.19036
 VDA/P: -11.2591 / -11.2591
