Worm2D21 parameters
Biases: 
 DB: -4.87237
 VB/P: -1.85658 / -1.85658
 VDA/P: -1.21989 / -1.21989
