Worm2D21 parameters
Biases: 
 DB: 4.88236
 VB/P: 4.28526 / 4.28526
 VDA/P: -8.06422 / -8.06422
