Worm2D21 parameters
Biases: 
 DB: 4.78259
 VB/P: -0.567149 / -0.567149
 VDA/P: 1.7921 / 1.7921
