Worm2D21 parameters
Biases: 
 DB: -6.13337
 VB/P: -3.16676 / -3.16676
 VDA/P: 3.46402 / 3.46402
