Worm2D21 parameters
Biases: 
 DB: -5.73826
 VB/P: 1.5131 / 1.5131
 VDA/P: -5.14761 / -5.14761
