Worm2D21 parameters
Biases: 
 DB: -7.19127
 VB/P: -5.70679 / -5.70679
 VDA/P: -4.09716 / -4.09716
