Worm2D21 parameters
Biases: 
 DB: -5.87967
 VB/P: -2.82908 / -2.82908
 VDA/P: -6.38997 / -6.38997
