Worm2D21 parameters
Biases: 
 DB: -9.03883
 VB/P: -9.46381 / -9.46381
 VDA/P: 2.67599 / 2.67599
