Worm2D21 parameters
Biases: 
 DB: -1.69771
 VB/P: -0.143722 / -0.143722
 VDA/P: -4.5421 / -4.5421
