Worm2D21 parameters
Biases: 
 DB: 2.84271
 VB/P: -3.90425 / -3.90425
 VDA/P: 5.095 / 5.095
