Worm2D21 parameters
Biases: 
 DB: -11.5675
 VB/P: 4.427 / 4.427
 VDA/P: -4.33168 / -4.33168
