Worm2D21 parameters
Biases: 
 DB: 0.188244
 VB/P: -1.09836 / -1.09836
 VDA/P: 1.9503 / 1.9503
