Worm2D21 parameters
Biases: 
 DB: -5.0842
 VB/P: -4.03469 / -4.03469
 VDA/P: 3.88796 / 3.88796
