Worm2D21 parameters
Biases: 
 DB: 10.282
 VB/P: -9.53099 / -9.53099
 VDA/P: -4.33101 / -4.33101
