Worm2D21 parameters
Biases: 
 DB: -3.25444
 VB/P: -5.60935 / -5.60935
 VDA/P: 0.418003 / 0.418003
