Worm2D21 parameters
Biases: 
 DB: -9.28852
 VB/P: -7.41516 / -7.41516
 VDA/P: 7.20389 / 7.20389
