Worm2D21 parameters
Biases: 
 DB: 3.04923
 VB/P: -3.8265 / -3.8265
 VDA/P: 1.42501 / 1.42501
