Worm2D21 parameters
Biases: 
 DB: -7.73176
 VB/P: 11.7642 / 11.7642
 VDA/P: -5.20113 / -5.20113
