Worm2D21 parameters
Biases: 
 DB: 6.06182
 VB/P: 7.28643 / 7.28643
 VDA/P: 0.336672 / 0.336672
