Worm2D21 parameters
Biases: 
 DB: 4.03438
 VB/P: 5.46757 / 5.46757
 VDA/P: 8.94572 / 8.94572
