Worm2D21 parameters
Biases: 
 DB: 8.17296
 VB/P: -0.581769 / -0.581769
 VDA/P: -2.97551 / -2.97551
