Worm2D21 parameters
Biases: 
 DB: 4.43543
 VB/P: 10.1499 / 10.1499
 VDA/P: 5.39442 / 5.39442
