Worm2D21 parameters
Biases: 
 DB: 7.96058
 VB/P: -6.80551 / -6.80551
 VDA/P: 1.69192 / 1.69192
