Worm2D21 parameters
Biases: 
 DB: -5.11952
 VB/P: 0.542359 / 0.542359
 VDA/P: 8.17227 / 8.17227
