Worm2D21 parameters
Biases: 
 DB: -6.79103
 VB/P: -3.04398 / -3.04398
 VDA/P: -8.41862 / -8.41862
