Worm2D21 parameters
Biases: 
 DB: -3.56572
 VB/P: 0.702558 / 0.702558
 VDA/P: 5.84334 / 5.84334
