Worm2D21 parameters
Biases: 
 DB: -7.09063
 VB/P: -3.61033 / -3.61033
 VDA/P: 2.66075 / 2.66075
