Worm2D21 parameters
Biases: 
 DB: 0.970314
 VB/P: 0.913623 / 0.913623
 VDA/P: 4.90602 / 4.90602
