Worm2D21 parameters
Biases: 
 DB: -6.78476
 VB/P: -0.824915 / -0.824915
 VDA/P: 5.17642 / 5.17642
