Worm2D21 parameters
Biases: 
 DB: -5.46636
 VB/P: -9.7742 / -9.7742
 VDA/P: -4.45773 / -4.45773
