Worm2D21 parameters
Biases: 
 DB: 2.60197
 VB/P: 4.90546 / 4.90546
 VDA/P: 3.57576 / 3.57576
