Worm2D21 parameters
Biases: 
 DB: 10.2419
 VB/P: 11.5984 / 11.5984
 VDA/P: 5.02568 / 5.02568
