Worm2D21 parameters
Biases: 
 DB: 6.82094
 VB/P: 14.8954 / 14.8954
 VDA/P: 9.63496 / 9.63496
