Worm2D21 parameters
Biases: 
 DB: 5.33882
 VB/P: 1.26493 / 1.26493
 VDA/P: 3.77424 / 3.77424
