Worm2D21 parameters
Biases: 
 DB: -12.4543
 VB/P: -10.1576 / -10.1576
 VDA/P: -5.98491 / -5.98491
