Worm2D21 parameters
Biases: 
 DB: -5.36723
 VB/P: -6.85091 / -6.85091
 VDA/P: 1.13951 / 1.13951
