Worm2D21 parameters
Biases: 
 DB: 1.02084
 VB/P: 3.19193 / 3.19193
 VDA/P: -6.86277 / -6.86277
