Worm2D21 parameters
Biases: 
 DB: -4.63622
 VB/P: -2.32552 / -2.32552
 VDA/P: -0.446181 / -0.446181
