Worm2D21 parameters
Biases: 
 DB: -8.55556
 VB/P: -6.48205 / -6.48205
 VDA/P: -5.44722 / -5.44722
