Worm2D21 parameters
Biases: 
 DB: -0.0845778
 VB/P: -7.42817 / -7.42817
 VDA/P: -1.91781 / -1.91781
