Worm2D21 parameters
Biases: 
 DB: -12.4397
 VB/P: 11.5904 / 11.5904
 VDA/P: -4.10728 / -4.10728
