Worm2D21 parameters
Biases: 
 DB: 3.383
 VB/P: -0.0303552 / -0.0303552
 VDA/P: -3.14314 / -3.14314
