Worm2D21 parameters
Biases: 
 DB: -9.13338
 VB/P: -3.64107 / -3.64107
 VDA/P: 4.45445 / 4.45445
