Worm2D21 parameters
Biases: 
 DB: -3.40402
 VB/P: -0.402194 / -0.402194
 VDA/P: 3.47759 / 3.47759
