Worm2D21 parameters
Biases: 
 DB: 7.76884
 VB/P: 6.72438 / 6.72438
 VDA/P: -13.5418 / -13.5418
