Worm2D21 parameters
Biases: 
 DB: -11.176
 VB/P: -5.60361 / -5.60361
 VDA/P: -12.902 / -12.902
