Worm2D21 parameters
Biases: 
 DB: -11.791
 VB/P: 13.9757 / 13.9757
 VDA/P: -3.54941 / -3.54941
