Worm2D21 parameters
Biases: 
 DB: 0.79155
 VB/P: 6.01104 / 6.01104
 VDA/P: 5.10967 / 5.10967
