Worm2D21 parameters
Biases: 
 DB: 7.46607
 VB/P: 7.85457 / 7.85457
 VDA/P: 4.18488 / 4.18488
