Worm2D21 parameters
Biases: 
 DB: 1.7704
 VB/P: -5.95777 / -5.95777
 VDA/P: 5.08916 / 5.08916
