Worm2D21 parameters
Biases: 
 DB: 6.074
 VB/P: 8.03985 / 8.03985
 VDA/P: -1.85547 / -1.85547
