Worm2D21 parameters
Biases: 
 DB: 14.4059
 VB/P: 0.786212 / 0.786212
 VDA/P: 3.41423 / 3.41423
