Worm2D21 parameters
Biases: 
 DB: -0.498946
 VB/P: 7.12216 / 7.12216
 VDA/P: -5.56361 / -5.56361
