Worm2D21 parameters
Biases: 
 DB: -7.78659
 VB/P: -6.51393 / -6.51393
 VDA/P: 7.71065 / 7.71065
