Worm2D21 parameters
Biases: 
 DB: -8.05314
 VB/P: -4.03499 / -4.03499
 VDA/P: 6.63227 / 6.63227
