Worm2D21 parameters
Biases: 
 DB: -7.08746
 VB/P: -4.60725 / -4.60725
 VDA/P: -6.59993 / -6.59993
