Worm2D21 parameters
Biases: 
 DB: -3.61099
 VB/P: -5.52207 / -5.52207
 VDA/P: -9.76304 / -9.76304
