Worm2D21 parameters
Biases: 
 DB: -1.16225
 VB/P: -3.79319 / -3.79319
 VDA/P: 1.08696 / 1.08696
