Worm2D21 parameters
Biases: 
 DB: 3.53456
 VB/P: 3.50478 / 3.50478
 VDA/P: 0.279899 / 0.279899
