Worm2D21 parameters
Biases: 
 DB: 4.63873
 VB/P: 6.55971 / 6.55971
 VDA/P: -0.889904 / -0.889904
