Worm2D21 parameters
Biases: 
 DB: 1.52135
 VB/P: -0.428989 / -0.428989
 VDA/P: 12.4064 / 12.4064
