Worm2D21 parameters
Biases: 
 DB: 3.36132
 VB/P: -0.395144 / -0.395144
 VDA/P: -6.02321 / -6.02321
