Worm2D21 parameters
Biases: 
 DB: 2.91024
 VB/P: 7.55529 / 7.55529
 VDA/P: -8.39787 / -8.39787
