Worm2D21 parameters
Biases: 
 DB: -12.9506
 VB/P: -1.98967 / -1.98967
 VDA/P: -7.63666 / -7.63666
