Worm2D21 parameters
Biases: 
 DB: -5.43432
 VB/P: -1.98214 / -1.98214
 VDA/P: -0.864226 / -0.864226
