Worm2D21 parameters
Biases: 
 DB: -9.53045
 VB/P: -6.59066 / -6.59066
 VDA/P: 1.45504 / 1.45504
