Worm2D21 parameters
Biases: 
 DB: -5.74984
 VB/P: 3.13581 / 3.13581
 VDA/P: -1.74058 / -1.74058
