Worm2D21 parameters
Biases: 
 DB: -4.96252
 VB/P: 0.416044 / 0.416044
 VDA/P: -3.27786 / -3.27786
