Worm2D21 parameters
Biases: 
 DB: -10.8465
 VB/P: 6.16406 / 6.16406
 VDA/P: 7.18902 / 7.18902
